id
06000150000022000
06000150000012000
06000150000011999
07000550000011999
07001950000012001
07001950000012006
07001950000012003
07001950000012010
07001950000012008
07002450000012008
07002450000022002
07002450000012005
07002450000012001
11000150000021999
11031950000012008
11000150000012000
11000150000012004
11000250000022001
11006150000012004
11006150000012002
11006550000022000
11006950000021999
11006950000011999
11009650000012005
11010050000022002
11010150000012000
11010250000012006
11012050000012001
11012050000022000
11030950000012010
11031950000012013
11031950000012015
11031950000012012
11031950000012009
11040250000022002
11040250000012003
11040250000012000
11068050000012017
11240850000012006
11320150000012001
11320250000022000
11320250000012001
11320350000012005
11320350000012006
11320350000012007
11320350000022002
11320350000012004
11320550000012000
11320550000012002
11320550000022001
11321150000012013
11360150000012002
11360150000012001
11360250000012000
11360250000012005
11360250000012013
11360250000012006
11380150000012012
11380150000012015
11380150000012011
11380150000012004
11380150000012018
11380150000012017
11460150000012010
11460150000022000
11460450000012014
11461050000012009
11461050000022001
11461050000022000
11461050000012000
11461350000022000
11461450000021999
11461550000012000
11461550000022000
11461650000012008
11461650000012001
11461850000011999
11462250000012009
11462250000022000
11462250000012014
11462450000012001
11462550000012010
11462950000022000
11462950000012001
11463150000012000
11463150000022000
11463150000012005
11463750000012000
12000150000012013
12000350000012011
12000350000012015
12000350000012013
12000550000011998
12000550000012010
12000550000012011
12001350000012011
12001450000012011
12001450000012012
12001550000012012
12001650000012012
12001750000012013
12001850000012010
12001953000012011
12002050000012012
12002050000012010
12002050000012011
12063450000012017
12002550000012011
12002650000012015
12002750000012014
12002850000012013
12002950000012013
12003053000012011
12003050000012010
12003150000012013
12004650000012011
12005450000012011
12006050000012011
12006250000012014
12006750000012014
12006850000012016
12006950000012011
12007250000012014
12007350000012014
12007350000012011
12008050000012010
12008150000012010
12008250000012012
12008350000012015
12008350000012016
12008550000012010
12008550000012011
12008650000012014
12062850000012017
12008850000012011
12009450000012014
12010053000012011
12010150000012014
12019550000012015
12019650000012016
12062450000012018
12063650000012018
12518050000021999
13000550000012004
13000550000012000
13001050000012002
13001050000021999
13001150000011999
13001150000012001
13001450000012000
13001450000012003
13001450000012004
13001450000021999
13001450000012005
13001650000012006
13001650000012008
13001650000012015
13001850000022001
13001850000012001
13001850000011999
13001850000012004
13002150000022000
13002150000012003
13002150000022002
13002150000011999
13002150000012000
13002150000012002
13002250000021999
13002250000012000
13002250000012005
13002250000011999
13002250000022001
13002250000022000
13002350000022001
13002350000011999
13002350000012002
13002450000022000
13002450000012007
13002450000012009
13002450000012017
13002450000012010
13002450000022001
13002550000012000
13002550000012001
13002550000022002
13002550000012004
13002550000012002
13002650000011999
13002650000012002
13002750000011999
13002750000012004
13002850000021999
13002850000012001
13002850000022000
13002850000022001
13002950000022001
13002950000012001
13003050000012003
13003150000012006
13005650000022002
13005650000022000
13005650000012008
13005650000012002
13005750000012002
13005750000012001
13005750000022000
13005850000012003
13005850000022001
13005850000012005
13006050000012004
13006050000012005
13006050000022001
13006050000012015
13006250000011999
13006250000012000
13006250000012002
13006250000012004
13006350000022000
13006450000012002
13006450000012000
13006450000022002
13006750000012002
13006750000012001
13006750000022001
13006750000021999
13006750000022002
13006750000012004
13006754000022000
13006850000012005
13006950000021999
13006950000022000
13006950000012000
13006950000012005
13007050000012000
13007050000022002
13007250000012009
13007250000012000
13007450000012006
13007450000011999
13007450000021999
13007550000021999
13007550000012002
13007750000022000
13007750000022001
13007750000012002
13007750000022002
13007850000012004
13007850000012003
13008050000012006
13008050000022000
13008050000011999
13008050000012010
13008050000012001
13008050000012005
13008150000012004
13008150000022000
13008350000012002
13008350000022001
13008350000012000
13008350000022002
13008350000012012
13008350000012005
13008850000012003
13008850000012000
13009050000011999
13009050000012004
13009050000012009
13009050000012000
13009050000012003
13009150000022001
13009150000012005
13009350000012003
13009350000012017
13009350000011999
13009350000012000
13009350000012002
13009350000022002
13009450000011999
13009450000012004
13009450000012005
13009450000022000
13009450000012000
13009550000012003
13009550000012000
13009550000012004
13009550000012001
13010050000012004
13010050000022000
13010050000012000
13010050000012001
13010250000012009
13010250000022001
13010250000012000
13010250000022000
13010250000012002
13010250000022002
13010350000012000
13010350000022000
13010350000022001
13010350000012002
13010350000012004
13010350000012005
13010350000021999
13012250000021999
13012250000012005
13012250000012002
13012250000012003
13012650000012001
13012750000012005
13012850000012000
13012850000022002
13012950000012005
13013650000022000
13308050000022002
13308050000022001
13308150000012000
13308150000012002
13308250000022002
13308350000012015
13308350000012016
13308350000012000
13308350000022000
13308350000012002
13308550000012007
13308850000012001
13308850000022001
13500550000012012
13501450000012013
13501450000012014
13501650000012012
13501650000012014
13502250000012014
13503050000012013
13504550000012008
13510050000012001
13510050000022001
13510050000012002
13510050000012000
13510050000022000
13510150000012004
13510150000012005
13511550000012008
13514150000022000
13514150000012000
13514150000012007
13518250000012008
13518250000022001
13519250000012010
13520950000012005
13520950000012002
13524250000012009
13526550000012008
13528450000012000
13528450000012001
13528450000022001
13528450000012010
13528550000012009
13531550000021999
13531550000012009
13531550000012008
13531550000022001
13531550000011998
13531550000012005
13532550000012002
13534550000012001
13534550000012005
13545750000012004
13545850000012009
13546150000022001
13546150000022002
13546150000012001
13546150000012010
13546150000012006
15000150000022000
15000250000012004
15000254000012005
15000550000011998
15000550000021998
15000550000021999
15000550000022000
15000550000022001
15004550000012004
15004550000021999
15004550000022002
15004550000012003
15004650000012001
15014850000012007
15014850000012017
15014950000012012
15014950000012013
15014954000012009
15015050000012011
15015050000012012
15015150000012012
15015150000012011
15015150000012013
15015450000012010
15022950000012015
15024850000012013
15024850000012011
15024850000012017
15190950000012018
15191050000012016
15191050000012018
15200450000012005
15200450000022001
15200450000012002
15200450000012003
15200550000022002
15200550000022001
15200550000012002
15213450000012012
15213450000012014
15213450000012015
15300450000012003
15300450000012005
15300450000012006
15300450000012010
15300650000012000
15300650000022002
15300650000022000
15300650000012003
15300650000012008
15300650000012002
15300650000012005
15300650000012001
15300650000012009
15300650000012010
15300850000012002
15300850000012004
15300850000012005
15300850000012008
15300850000012003
15300950000012001
15301050000012004
15301050000011999
15301050000022002
15301050000012008
15301050000012018
15301050000012010
15842350000012010
15301150000012006
15301150000022000
15301150000012001
15301150000022002
15842950000012010
15301350000012002
15301350000022002
15301350000012010
15301350000012008
15301450000012008
15301450000012009
15301450000022002
15301554000012003
15301550000012005
15301550000012000
15301550000022002
15301550000012013
15301550000012002
15301650000012003
15301650000021999
15301650000012001
15301650000022001
15301750000012008
15301750000012005
15301750000012001
15301750000022001
15301850000012004
15301850000022001
15301950000012000
15301950000022002
15301950000012004
15301950000022000
15302050000012003
15302050000012005
15302050000012010
15302150000012002
15302150000012000
15302250000012007
15302250000011999
15302250000012002
15302250000012001
15302250000012000
15302250000022002
15302350000012000
15302450000012002
15302450000012003
15302450000022001
15302450000012000
15302450000012008
15836950000012010
15302550000021999
15302550000022001
15302650000012005
15302650000012002
15302650000022002
15302650000012003
15302654000012009
15302750000012005
15302750000022001
15302750000022002
15302750000012004
15302750000012010
15302850000012001
15302850000012003
15302850000022000
15302854000012000
15302950000011999
15302950000021999
15302950000012012
15302950000021998
15302954000021998
15302950000012005
15303050000022000
15303050000022002
15303050000012009
15303050000022001
15303250000022000
15303250000012015
15303250000012018
15303350000012005
15303350000012009
15303350000012011
15303450000012005
15303450000022002
15303450000012003
15303450000012006
15303450000012001
15303450000012012
15303550000012001
15303550000022002
15303550000021999
15303550000012010
15303550000022000
15303650000021999
15303650000022000
15303650000012015
15303650000012011
15303750000012007
15303750000012010
15303750000012011
15303750000012016
15303750000022002
15303850000012004
15303850000012008
15303850000012002
15304050000012001
15304050000012005
15304150000012009
15304150000012011
15304550000022001
15304550000012015
15304550000012018
15304550000012017
15304650000021999
15304650000012000
15304654000012008
15304654000012010
15304654000012007
15304650000012010
15304654000012011
15304750000022002
15304750000022001
15304750000012000
15304750000022000
15304950000012011
15304950000012012
15305050000012005
15305250000012013
15305250000012012
15305250000022000
15305250000012001
15305250000012004
15305250000012016
15305250000012017
15305250000012015
15305254000012010
15305254000012009
15305450000012009
15305450000012002
15305450000012001
15305450000022002
15305450000011999
15305450000021999
15305450000022001
15305450000012004
15305450000012006
15305450000012000
15305450000022000
15305550000022001
15305550000021999
15317250000012009
15305650000022000
15018250000012012
15018250000012013
15018250000012011
15305650000012008
15305650000012012
15305650000012010
15305750000022002
15305750000012012
15305750000022001
15305750000012000
15305750000012016
15305750000012014
15305750000012005
15305850000012004
15305950000012004
15306150000012002
15306150000022000
15306150000012005
15306150000012004
15306150000012009
15306350000012007
15306350000022000
15306350000012018
15871850000012014
15306650000012009
15306650000012010
15306650000022002
15306950000022002
15307150000012003
15307950000011998
15307950000012002
15307950000012001
15307950000012005
15307950000012004
15308050000012004
15308050000022002
15308050000012011
15308050000012018
15310350000012005
15310350000022001
15310350000012000
15310350000012016
15310350000012018
15310350000012017
15310350000012015
15311450000012004
15311450000012016
15311454000012004
15311450000011999
15849350000012013
15311454000012008
15311454000012011
15311454000012010
15311454000012007
15311454000012002
15311450000012000
15311550000012002
15311550000012001
15311550000012004
15311550000012003
15311550000022002
15311550000012008
15311550000012009
15311950000022001
15311950000012006
15311950000012009
15311950000012010
15315550000012011
15315550000012010
15316350000022002
15316350000012000
15316350000022000
15316350000012002
15316350000012003
15316450000012005
15316550000012004
15316550000012006
15316550000022000
15316550000012011
15316550000012010
15316550000012008
15316550000012013
15316650000012014
15316650000012012
15316650000012008
15316650000012015
15316650000012005
15316750000022001
15316750000012002
15316750000022000
15316750000012005
15316750000012006
15316750000012004
15316750000012017
15317250000012007
15317350000022001
15317350000012000
15317350000011999
15317450000022001
15317450000012003
15317450000012007
15317450000012008
15317550000012003
15317650000012004
15317650000022001
15317650000011998
15317650000011999
15317650000012008
15317650000012009
15317654000012000
15317654000022002
15317750000012012
15317750000012018
15317750000012002
15317850000012003
15317850000012009
15317850000012001
15317850000012011
15317850000012014
15319250000012004
15319250000012009
15319250000012007
15319250000012010
15319254000012005
15319254000012007
15319350000012004
15319350000012005
15319354000022002
15319350000012002
15319350000012001
15319350000012008
15319350000022001
15319354000012008
15826750000012010
15850350000012010
15319450000012000
15319450000012001
15319450000022002
15319450000012006
15319550000012002
15319650000021999
15319650000012000
15319650000012002
15319650000022002
15319650000012003
15319650000011999
15319650000022000
15319650000012001
15319650000012004
15319750000012000
15319750000012002
15319750000012003
15319750000012004
15319850000012003
15319950000022002
15319950000012003
15319950000012005
15320050000022001
15320050000012009
15320150000012004
15320150000022000
15320150000012001
15320150000022002
15320150000012003
15320250000012001
15320250000022002
15320350000012006
15320350000012001
15320350000022001
15320350000012010
15320450000012008
15320550000012008
15320550000011999
15320550000021999
15837750000012010
15320750000012004
15320750000012005
15320750000022000
15320750000012007
15320850000012005
15320850000022002
15320850000012006
15320850000022001
15320850000012008
15321050000012000
15321050000012003
15321050000012008
15321050000012005
15321150000022000
15321150000022001
15321150000012009
15321150000012000
15321250000021999
15321250000012000
15321250000012001
15321250000022002
15321550000012001
15321550000022000
15321550000022001
15321650000012001
15321650000012004
15321650000022001
15321650000022002
15321850000022002
15321850000021999
15321850000012001
15321850000012009
15321950000022001
15321950000012005
15322050000021999
15322050000012002
15322050000012005
15322050000022002
15322050000012003
15322050000022000
15322154000012007
15322150000012004
15322150000012000
15842450000012010
15322250000022001
15322250000022000
15322250000012002
15322250000022002
15322250000012007
15322250000012010
15322350000012010
15322450000021999
15322450000012002
15322450000012006
15322550000022001
15322550000012002
15322550000012005
15322650000012008
15830050000012010
15322750000012000
15322850000022001
15322950000012009
15322950000022001
15834150000012010
15323050000012007
15323050000012009
15323050000012004
15323150000012005
15323150000021999
15323150000012004
15323150000022001
15323250000012003
15323250000012006
15323250000022000
15323250000011999
15323250000012001
15323250000012011
15323250000022001
15323350000022000
15323350000012005
15323450000022000
15323450000022001
15323550000012000
15323550000022002
15323550000022001
15323550000012005
15835150000012010
15851050000012010
15323750000022002
15323750000012000
15323750000012004
15323750000012005
15323750000012009
15323850000012004
15323850000012005
15323850000022000
15323850000012002
15323850000012003
15323950000022001
15323950000012009
15323950000012008
15324050000012000
15324050000022002
15324050000021999
15324050000022001
15324050000012002
15324150000022001
15324850000012004
15324850000012008
15324850000012010
15324850000022001
15325150000012013
15325150000022000
15325150000022002
15325150000012012
15325150000012010
15325450000012012
15325450000012003
15325450000012014
15326150000012000
15326150000022000
15326150000011999
15326150000012001
15326150000022001
15326150000012005
15326150000012002
15326550000012011
15326550000012010
15326650000012000
15326650000012001
15326650000022001
15326650000022000
15326750000022002
15326750000012005
15326750000012015
15327550000012001
15327550000022001
15327550000012003
15327750000012004
15327950000011999
15327954000012002
15328050000022000
15328350000012005
15328350000012004
15328450000012000
15328654000012000
15328650000012006
15328750000021999
15328854000012000
15329054000012002
15329054000022002
15329150000012003
15329150000012000
15329350000012004
15329450000022000
15329450000012001
15329450000012002
15329450000022002
15329450000012003
15329450000012004
15329550000012005
15329550000012003
15329550000011999
15329550000012002
15329650000012000
15356050000012004
15356050000012002
15382550000011999
15382550000012002
15382550000012004
15382550000012001
15382553000012004
15397850000021998
15397850000022000
15397850000011998
15397850000012000
15397850000012006
15397850000011999
15397850000022002
15398450000012014
15399150000012001
15399150000012010
15399150000012014
15400350000012011
15400350000011999
15400350000012001
15400350000022002
15403250000012010
15403250000012009
15403250000012014
15403254000022000
15403250000012001
15403450000012008
15403450000022002
15403450000012010
15403450000012011
15403450000012001
15403450000012012
15403550000012004
15403550000012005
15403550000012012
15403950000022001
15403950000012009
15403950000012017
15404150000012005
15404150000021999
15404150000012007
15404150000012008
15404150000012003
15404152000012004
15404150000012004
15404150000012000
15404150000012017
15404250000012015
15404250000012009
15404250000012002
15404254000012003
15404254000022000
15404250000012014
15404250000012013
15404250000012011
15404350000022002
15404350000012011
15404350000012003
15404350000012009
15404350000012000
15404350000022000
15404350000012001
15404350000022001
15404350000012010
15404450000012002
15404450000012008
15404450000012011
15404450000012012
15404450000012015
15404550000012002
15404550000022001
15404550000012015
15404550000012013
15404550000012014
15404650000022002
15404650000012001
15404650000012010
15404650000012005
15404650000011999
15404650000012013
15404750000012002
15404750000022002
15404750000012004
15404750000022001
15404750000022000
15404750000012014
15404750000012012
15404850000012012
15404850000022000
15404850000012016
15404850000012000
15404850000012011
15404850000012013
15404850000012009
15404850000012017
15404850000012018
15404850000022001
15404950000012005
15404950000012002
15404950000012006
15404950000022000
15404950000012017
15405050000012003
15405050000012001
15405050000022001
15405050000012018
15405150000022002
15405150000012008
15405150000012018
15405150000012014
15405450000012002
15405450000012005
15405450000012003
15405454000012003
15405450000022001
15405550000012008
15405550000012003
15405550000012006
15405550000012009
15405550000012015
15405550000012011
15405550000012014
15405550000012016
15405550000012017
15406950000012002
15407050000012008
15407050000022001
15407050000012000
15407050000012002
15407050000012005
15408050000012007
15408050000022001
15408050000012000
15408050000012018
15408050000012008
15408050000012002
15408050000022002
15408050000012013
15421550000011999
15421550000012000
15421550000012011
15421550000012007
15421550000012005
15421550000012009
15421550000012014
15421550000012016
15435850000012018
15435850000012016
15435850000012010
15435850000012011
15435950000012015
15441950000012004
15441950000012003
15441950000022002
15441950000012008
15441950000012012
15441950000012009
15441950000012016
15442150000012009
15442150000012008
15450250000012010
15450250000012011
15450250000012013
15450250000012012
15450350000012018
15450350000012014
15470450000012017
15481150000012014
15481150000012016
15501550000012017
15508150000012017
15800954000012011
15839550000012015
15839550000012016
15800950000012011
15800950000012018
15809250000012008
15809250000012009
15809250000012012
15809250000012016
15814350000012010
15812150000012012
15812250000012012
15812250000012013
15812250000012011
15812250000012018
15812350000012014
15812350000012013
15812550000012013
15187850000012014
15187950000012013
15189550000012015
15812650000012012
15829650000012015
15812850000012015
15812850000012016
15812950000012014
15813150000012015
15862850000012017
15813250000012016
15242050000012014
15813550000012012
15813550000012011
15813550000012015
15813550000012018
15813650000012015
15813650000012018
15813750000012013
15813850000012015
15814150000012011
15856350000012018
15814250000012011
15814254000012010
15844650000012011
15814250000012016
15844750000012015
15856350000012015
15814250000012012
15844650000012012
15856150000012012
15856250000012012
15814350000012012
15814350000012017
15814450000012014
15814450000012016
15814550000012017
15814550000012018
15814550000012013
15835450000012018
15836250000012018
15814650000012014
15835650000012018
15814850000012012
15814850000012017
15815050000012014
15835250000012014
15827050000012014
15858350000012014
15834450000012012
15815450000012011
15815450000012017
15815550000012011
15837050000012014
15815750000012011
15815750000012012
15816250000012014
15819150000012004
15819150000012002
15819550000012016
15819550000012017
15819750000012016
15819750000012007
15819750000012009
15819750000012013
15819850000012005
15819950000012005
15819950000012004
15826350000012012
15826450000012012
15826550000012012
15826550000012013
15826650000012012
15850550000012010
15826750000012013
15826854000012013
15826850000012013
15826850000012014
15826950000012014
15828050000012015
15828150000012012
15828450000012013
15828454000012016
15828550000012013
15828950000012012
15829550000012015
15829850000012014
15829950000012012
15829950000012015
15829950000012016
15829950000012014
15830054000012010
15830050000012012
15830050000012015
15813750000012011
15830350000012012
15830350000012013
15830650000012012
15830750000012015
15830850000012015
15830950000012013
15831850000012013
15832050000012015
15832050000012011
15832350000012015
15832650000012012
15832750000012012
15833550000012010
15833654000012011
15833654000012013
15833650000012011
15833650000012014
15833750000012017
15833850000012017
15834050000012013
15834250000012015
15834350000012018
15834550000012018
15835050000012011
15835154000012011
15837750000012011
15837850000012011
15838050000012011
15838250000012013
15838350000012011
15840454000012011
15840450000012014
15840550000012011
15840750000012014
15840750000012012
15841050000012015
15841150000012017
15841650000012015
15841750000012014
15841950000012012
15842050000012010
15842350000012014
15842550000012016
15842550000012017
15842650000012014
15842650000012015
15842850000012013
15843550000012011
15843750000012010
15844050000012017
15844154000012011
15844154000012010
15844150000012015
15844250000012011
15844250000012015
15844350000012012
15844450000012013
15844450000012012
15844450000012011
15844650000012018
15845650000012015
15845750000012016
15845850000012011
15846050000012018
15846350000012018
15846550000012014
15846550000012018
15846750000012012
15847050000012015
15847150000012015
15847250000012015
15847350000012015
15847350000012014
15847453000012014
15847450000012013
15848150000012011
15848250000012014
15848350000012018
15848350000012014
15848350000012013
15848550000012013
15848550000012016
15848750000012014
15848950000012012
15848954000012014
15848950000012017
15848950000012015
15849250000012010
15849450000012011
15849650000012013
15849650000012012
15849850000012012
15850450000012016
15850550000012016
15850650000012010
15850750000012014
15850950000012012
15850950000012017
15850950000012014
15851750000012011
15851750000012018
15851850000012011
15855650000012011
15855650000012012
15855650000012013
15855650000012014
15855650000012017
15855750000012012
15855750000012017
15855750000012013
15855750000012014
15863350000012017
15888350000012013
15895150000012015
15897250000012016
16000150000012011
16000150000012008
16000450000012008
16000650000012018
16001350000012002
16001350000012001
16001350000022001
16001450000012012
16001550000012001
16001650000012001
16001650000022000
16001650000012008
16001750000012003
16001750000012007
16001750000012011
16001750000022002
16001750000012001
16001750000012004
16001750000012008
16001750000012015
16001750000022000
16001750000022001
16001750000012018
16001750000012012
16001750000012009
16001750000012017
16001750000012014
16001850000012003
16001850000012017
16001850000012004
16001850000012001
16001850000012002
16001850000022002
16001950000012004
16002052000012002
16002052000022002
16002150000012003
16002250000012001
16002250000012009
16002450000012004
16002450000012000
16002650000012006
16002650000012000
16002650000012004
16002650000012012
16002650000012017
16002750000022002
16002750000012005
16002750000012004
16002750000012008
16003350000012001
16003350000012013
16003650000012004
16003650000012013
16003850000012003
16003850000022003
16003854000012008
16003850000022002
16003853000012009
16003850000012004
16003850000022001
16004450000012004
16004450000012007
16004450000012006
16004550000012006
16004650000022000
16004650000012005
16004650000012004
16004650000012002
16004650000012003
16004650000012001
16004650000012006
16004650000022002
16004750000022000
16004750000012001
16004750000022001
16004750000012003
16004750000012002
16004750000022002
16004750000012005
16004750000012007
16004750000012013
16004950000012003
16004950000022002
16004950000022001
16004950000012001
16005050000012006
16005050000012002
16005050000012012
16005250000012004
16005250000022001
16005250000012003
16005250000022000
16005350000012005
16005750000012009
16005754000012010
16005754000012009
16005850000012001
16005850000012004
16005950000012004
16005950000022000
16005950000012003
16006050000012008
16006250000012000
16006250000012003
16006250000012004
16006450000012003
16006450000012005
16006550000012002
16006550000022002
16006550000012001
16006550000012003
16006550000012004
16006650000012001
16006650000012007
16006650000022000
16006650000012000
16006650000012002
16006650000012003
16006650000012017
16006650000012016
16006650000012009
16006750000012000
16006750000022002
16006750000012005
16006750000012003
16006850000012001
16006850000022002
16006850000022001
16006850000012003
16006850000012007
16006850000012008
16006950000012003
16006950000022001
16007050000022002
16007150000012001
16007250000012003
16007250000012005
16007250000012001
16007250000012004
16007250000022002
16007650000012004
16007750000012018
16007750000012006
16007850000012017
16008250000022001
16008250000012002
16008250000012005
16008250000012008
16008350000022002
16008350000012002
16008550000012003
16008650000012003
16008650000022000
16008850000012006
16008950000012001
16009050000012001
16009150000012004
16009350000012004
16009350000012002
16009550000012007
16009850000012016
16009950000012005
16009950000012009
16010050000012008
16010050000012010
16010550000012009
16010550000012013
16010650000012001
16010650000022001
16010650000012002
16010850000012006
16010950000012005
16011050000012004
16011050000012003
16011054000012003
16011150000012002
16011150000012007
16011150000022000
16011150000012004
16011450000012003
16011650000012003
16011650000012012
16011850000012002
16011850000012003
16011850000012001
16011850000022001
16011850000012012
16012050000022002
16012150000012001
16012150000012003
16012150000012004
16012150000012005
16012150000012006
16012350000012005
16012350000012004
16012550000012003
16012650000012003
16012650000022001
16012650000022000
16012950000012003
16012950000012004
16012950000022000
16012950000012001
16012950000022001
16012950000022002
16012950000012005
16013150000012008
16013150000012004
16013350000012005
16013350000012006
16013650000012007
16014050000012006
16014050000022001
16014150000012004
16014150000012002
16014150000012007
16014150000012017
16014150000012014
16014150000012008
16014250000012004
16014250000012008
16014250000012002
16014350000012002
16014350000012001
16014350000022002
16014350000022000
16014550000012007
16014550000012003
16014550000012004
16014650000012000
16014650000022000
16014650000012004
16014650000012015
16014750000012004
16014950000012007
16014950000012017
16015250000012006
16015250000012009
16015250000012005
16015350000012008
16015350000012004
16015350000012005
16015350000012009
16015550000012004
16015550000012003
16015650000012008
16015750000022000
16015750000012002
16015750000022002
16015950000022002
16016150000012004
16016350000012005
16016350000012006
16016350000012012
16016350000012013
16016350000012011
16016450000012000
16016450000022000
16016550000012001
16016550000022001
16016550000012002
16016550000022002
16016650000022000
16016850000012001
16016850000012005
16017050000012002
16017050000012007
16017150000022002
16017150000022001
16017250000012005
16017650000012002
16017650000012005
16017950000012000
16018150000012008
16018350000012006
16018550000012009
16018850000012014
16019050000012016
16019150000012007
16019450000012007
16019450000012003
16019550000022002
16019550000012005
16019850000012002
16019850000022002
16019850000012001
16019850000012007
16019950000022002
16020050000012006
16020150000012002
16020150000012005
16020150000012006
16020150000012007
16020150000022001
16020150000022000
16020150000012001
16020150000012009
16020150000012004
16020150000012016
16020150000012018
16020250000012017
16020350000012006
16020450000012010
16020750000012012
16020850000012011
16021150000012010
16021650000012007
16021750000012016
16021750000012017
16022050000012008
16022050000012002
16022050000022002
16022050000012011
16022050000012018
16022050000012016
16022050000012015
16022050000012014
16022250000012003
16022250000012006
16022250000012004
16022250000022002
16022250000012001
16022250000022001
16022350000012003
16022350000012001
16022350000012006
16022350000012004
16022350000022001
16022350000022002
16022350000012002
16023350000012007
16023350000012006
16023350000012013
16023750000012007
16023750000012005
16023750000012006
16023750000012017
16023750000012008
16023950000022001
16023950000012002
16023950000022000
16023950000012003
16024050000012007
16024450000012007
16024450000012006
16024450000012005
16024650000012001
16024750000012016
16024950000012005
16024950000012001
16024950000012002
16024950000012003
16024950000022001
16024950000022002
16025150000012003
16025150000012007
16025150000012018
16025250000012003
16025350000012005
16025350000012004
16025554000012010
16026050000012004
16026050000012006
16026250000012009
16026550000012008
16026554000012007
16027050000012007
16027050000012008
16027050000012016
16027250000012004
16027450000012004
16027450000012014
16027850000012009
16028350000012001
16028350000012002
16028350000022001
16028350000012005
16028350000022000
16028350000022002
16028350000012010
16028350000012014
16028550000022001
16028750000012003
16028850000012005
16028950000022002
16028950000012004
16028950000012003
16029050000012005
16029150000012007
16029150000012003
16029150000012005
16029150000012006
16029150000012008
16029250000012007
16029250000012005
16029350000012007
16029350000012018
16029650000012001
16029650000012003
16029750000012007
16029750000012011
16029950000012008
16030150000022001
16030150000012004
16030150000022000
16030150000012009
16030150000012002
16030150000012001
16030150000012003
16030150000012014
16030150000012015
16030150000012005
16030350000012010
16030450000022000
16030750000012007
16030750000022002
16030750000012001
16031150000012001
16031350000012001
16031350000012003
16031350000022001
16031350000012002
16031350000022002
16031550000012006
16031750000012013
16031850000012005
16031850000012009
16031850000012011
16031950000012003
16032150000012006
16032150000012005
16032150000012002
16032250000012003
16032250000012005
16032350000012003
16032350000022002
16032350000012005
16032350000012006
16032350000012000
16032450000012003
16032450000012002
16032450000022002
16032450000012005
16032550000022001
16032750000012003
16032750000012014
16032750000012004
16032850000012001
16032850000022001
16032850000012007
16032850000012002
16032850000022002
16032850000012003
16032850000012010
16032850000012016
16032850000012005
16032850000012004
16032850000012006
16032950000012006
16032950000012000
16032950000022000
16033250000012001
16033250000012004
16033250000012006
16033450000012005
16033450000012007
16033450000012001
16033450000012003
16033450000012004
16033950000012001
16033950000022001
16033950000012004
16034150000012006
16034350000012005
16034350000012004
16034550000012005
16034550000012001
16034550000022001
16034550000012003
16034650000012008
16034650000012004
16034750000012004
16034750000012007
16034850000012010
16034850000012002
16034850000022002
16034950000012004
16035050000012009
16035150000012000
16035150000012003
16035250000012008
16035250000012004
16035350000022000
16035350000012007
16035450000012007
16035950000012002
16036550000012000
16036850000012002
16036850000012004
16036850000012003
16036850000022002
16037150000012004
16037250000012008
16037250000012007
16037350000012002
16037350000012003
16037350000012004
16037450000012004
16037450000012002
16037950000012005
16038850000012010
16038850000022002
16038850000012000
16039150000022001
16039250000012001
16039250000022001
16039250000012002
16039250000022002
16039350000012010
16039350000012004
16039350000012005
16039650000012002
16039650000012005
16039650000012011
16039650000022001
16039650000022002
16039650000012017
16039650000012014
16039650000012008
16039650000012001
16039950000012002
16040050000022002
16040050000012002
16040250000012004
16040350000012007
16040450000012004
16040650000012010
16040954000012010
16041350000012004
16041350000012005
16041550000012003
16041550000012004
16041550000012002
16041550000022002
16041550000012005
16041650000012004
16041650000012002
16041650000012001
16042150000012010
16042150000012012
16042250000012012
16042350000012003
16042350000012004
16042650000012002
16042650000012001
16042750000012008
16042750000012007
16043050000012009
16043050000012008
16043050000012005
16043250000012005
16043450000012008
16043550000012011
16043550000012004
16043650000012004
16043950000012003
16043950000012004
16044150000012006
16044350000012002
16044550000012003
16044550000012000
16044550000012002
16044750000012014
16044750000012001
16044750000012011
16044750000012007
16045050000012006
16045350000012013
16045450000012007
16045550000012014
16045750000012002
16045750000012004
16046850000022002
16046850000022001
16047050000012010
16047050000012016
16047250000012005
16047250000012006
16047450000012015
16047650000012000
16047650000022000
16047850000012014
16048250000012000
16048250000012003
16048650000012003
16048750000012006
16048850000012001
16049150000012005
16049150000022002
16049150000022000
16049150000022001
16049150000012008
16049150000012012
16049150000012017
16049150000012007
16049150000012010
16049150000012003
16049150000012011
16049150000012013
16049150000012016
16049150000012015
16049450000012003
16049450000022002
16049450000012001
16049450000022001
16049554000012001
16049554000012010
16049554000012005
16049554000012006
16049750000012003
16049750000012006
16050150000012004
16051250000012004
16051250000012016
16051350000012008
16051550000012004
16051550000012012
16051550000012000
16051550000022000
16051750000012014
16052250000012007
16052350000012006
16052350000012003
16052350000012004
16052350000012015
16052450000012006
16052450000012007
16052550000012001
16052550000022001
16052550000012002
16052550000022002
16052550000012000
16052550000012003
16052550000012009
16052850000012002
16052850000012003
16052950000022000
16052950000012008
16052950000012016
16052950000022001
16052950000012002
16052950000022002
16052950000012003
16052950000012006
16052950000012007
16052950000012004
16053050000012006
16053150000012003
16053150000012006
16053150000012007
16053150000012008
16053150000012009
16053650000012004
16054550000012006
16054550000012012
16054750000012007
16054750000012018
16054850000012003
16420450000012004
16420450000012006
16420450000012007
16728850000012009
16731250000012006
16744550000012004
17000950000012002
17000950000012003
17001450000012001
17001450000022001
17001450000011998
17001450000021999
17001450000022000
17001450000011999
17001850000021998
17002450000012001
17002450000012008
17002450000012010
17002550000012004
17002550000012002
17002550000012005
17002850000022001
17003250000012004
17003550000012016
17003550000012015
17003850000011999
17003850000012010
17003850000012009
17003850000022001
17003850000012001
17004050000022002
17004050000022001
17004050000022000
17004150000012011
17004550000022001
17004550000022002
17004550000012009
17004750000022001
17004750000022000
17004750000012001
17004750000012004
17004750000012015
17005050000012015
17005250000021999
17005250000012002
17005250000012009
17005550000021998
17005550000011999
17005550000012001
17005550000012002
17005550000012000
17005550000022002
17005850000022000
17005850000022001
17005850000012001
17005850000021999
17005850000012000
17005950000012005
17005950000022000
17005950000011999
17005950000012002
17005950000012001
17005950000022002
17005950000021999
17005950000012000
17006050000012000
17006150000011999
17006450000012005
17006650000011999
17006650000012001
17006650000022001
17006650000021999
17006650000012014
17006950000012016
17006950000012009
17006950000012003
17007250000022000
17007250000012015
17007550000012007
17007550000022000
17007550000012000
17007550000012001
17007550000022002
17007850000012003
17007850000022000
17007850000012000
17007850000012014
17007950000022000
17007950000012000
17008050000022002
17008050000021999
17008050000022000
17008050000012014
17008150000022000
17008250000012001
17008550000012009
17008550000022001
17008550000022000
17008550000012000
17008850000012016
17008850000012018
17008850000022001
17008950000012014
17009150000012015
17009350000012000
17009650000012000
17009750000022001
17009750000012006
17009750000012007
17009750000022002
17010250000021999
17010250000012017
17010250000012001
17010250000012002
17010350000012000
17010350000022001
17010850000012014
17010950000022000
17010950000022002
17010950000012003
17010950000012015
17010950000022001
17010950000012013
17011050000012012
17011050000022000
17011050000021999
17011050000012006
17011150000012012
17011450000012001
17011450000022001
17011450000022000
17011450000012000
17011650000012002
17011650000012000
17011650000012001
17011650000022001
17011850000012002
17011950000012000
17012050000021999
17012150000022002
17012250000012001
17013150000012001
17013150000022001
17013150000022000
17013350000022000
17013350000012000
17013750000012007
17013950000012007
17014950000012007
17031250000012007
17013350000012001
17013450000012004
17013450000012001
17013550000012004
17013550000012001
17013550000022002
17013550000012000
17013550000012016
17013650000012002
17013650000012000
17013650000022000
17013850000012001
17013850000022002
17013950000012000
17014750000012002
17014750000012007
17014750000012005
17015350000012001
17015350000012007
17015350000011999
17015350000021999
17015650000012002
17015650000021999
17015650000012000
17015650000022000
17015750000011999
17015750000022001
17015750000012007
17015950000022001
17015950000012004
17015950000012007
17015950000012009
17015950000011999
17015950000021999
17016050000012000
17016150000022000
17016150000012000
17016150000012007
17016250000012003
17016250000021999
17016250000012001
17016250000011999
17016250000012000
17016250000022000
17016350000012004
17016350000012008
17016850000011999
17016850000012000
17017050000011999
17017050000012001
17017050000022001
17017050000021999
17017050000012007
17017150000011999
17017250000012000
17017250000022002
17017550000022001
17017750000021999
17017750000022000
17017750000012012
17017750000012000
17017750000012005
17017750000011999
17017750000012001
17017750000012006
17017750000012013
17017750000022001
17017750000012009
17017750000021998
17017850000012000
17017850000012013
17017950000022001
17018050000011999
17018050000012000
17018050000022001
17018050000012013
17018050000022000
17018050000022002
17018150000011999
17018150000012008
17018150000022001
17018250000012001
17018250000012005
17018350000022000
17018350000022002
17018350000012015
17018350000012014
17018350000022001
17018450000012002
17018550000012014
17018550000022001
17018550000022002
17018650000012013
17018650000012001
17018650000012014
17018750000012000
17018750000022001
17018750000012001
17018750000022000
17018750000012013
17019050000022001
17019050000022000
17019050000012000
17019150000012007
17019250000012000
17019250000022002
17019250000012002
17019250000012007
17020150000012017
17020150000022001
17020150000022000
17020550000012002
17020550000012003
17020550000012010
17020550000012000
17020550000012014
17020550000022001
17020750000022000
17020750000022001
17020750000012003
17020750000012009
17020750000012002
17020750000022002
17020950000012003
17020950000022000
17021050000012002
17021050000012010
17021050000022001
17021050000022000
17021350000022001
17021450000012004
17021450000012007
17021450000022000
17021450000012006
17021450000022001
17021450000012001
17021750000022001
17021750000012001
17021750000012014
17002250000012002
17021750000012000
17021850000012009
17021950000012001
17021950000012007
17021950000021999
17021950000012002
17021950000022002
17022650000022000
17022650000012003
17022750000022000
17022750000012000
17024850000022000
17024850000012001
17025750000012006
17025850000011999
17026150000012002
17026250000012000
17026250000022002
17026250000012001
17026350000012001
17026350000012002
17026350000012015
17026950000012000
17026950000012002
17026950000012013
17026950000012014
17026950000012003
17027050000012000
17027050000022000
17027050000012002
17027050000022001
17027150000012004
17027150000022002
17027150000012001
17028750000022002
17029050000012001
17029050000022001
17029050000022000
17029050000012000
17029250000011999
17029250000012001
17029450000021999
17029450000012002
17029550000012001
17029550000012002
17029550000012000
17029650000012001
17029950000012000
17029952000012001
17030150000012000
17030150000012002
17030150000012004
17030150000022000
17030350000011999
17030450000011999
17030550000012001
17030550000011999
17030750000011999
17130750000012004
17031250000022001
17031250000012001
17031250000022002
17031350000022001
17031350000022002
17031350000012003
17031350000012004
17032150000012000
17032150000022000
17032150000012005
17032250000022001
17032550000012000
17032550000012004
17032550000012001
17032550000022001
17032650000012001
17032750000022001
17032750000022000
17032750000012003
17032750000012013
17032850000011999
17032850000022001
17032850000012016
17033050000012006
17033250000011999
17033250000012000
17033250000021999
17033250000022000
17033250000012007
17033250000012001
17033250000022001
17033350000022002
17033350000012000
17033350000012001
17033350000012002
17033450000022001
17033450000012002
17033550000022002
17033550000022000
17033550000012000
17033550000022001
17033550000012016
17033650000012000
17033650000012004
17033650000022000
17033750000022000
17033850000012001
17033850000022001
17033850000012000
17034150000022001
17034250000012000
17034250000012009
17034250000012010
17034350000012000
17034350000021999
17034450000012003
20106350000012015
17034750000012005
17034750000012006
17034750000012011
17034850000022000
17034850000012000
17038450000012007
17038550000022002
17038950000012009
17132150000012004
17303050000012002
17303050000022001
17303550000012002
17303550000022002
17910250000012006
18000250000012003
18000250000012007
18000450000012006
18302350000012002
18302350000012003
18302350000012011
18302350000012013
18302450000022000
18302550000022000
18302550000012006
18303750000012002
18303750000022000
18303850000012004
18303850000012000
18303850000022000
18303950000012011
18304250000012001
18304350000012002
18304450000022001
18500150000012006
19300150000012007
19300150000012010
19300150000012017
19300150000012012
19300150000012011
19300150000012014
19300150000012015
19300250000012004
19300250000012012
19300250000012007
19300250000012000
19300250000022000
19300250000012002
19300250000022001
19300250000012017
19300350000012007
19300350000012010
19300350000012017
19300350000012006
19300350000012011
19300350000012004
19300350000012008
19300350000012014
19300450000012006
19300450000012011
19300450000012018
19300450000012010
19300450000012017
19300450000012009
19300450000012012
19300550000012004
19300550000012013
19300550000012009
19300550000012010
19300650000022001
19300750000012002
19300750000022002
19300750000012006
19300850000012004
19300850000012016
19300950000012008
19300950000012009
19300950000012015
19300950000012016
19300950000012017
19300950000012010
19300950000012013
19301050000012004
19301050000012009
19301850000011999
19302150000012000
19302850000012004
19302850000012002
19302850000012012
19303050000022001
19304250000012002
19304250000022002
19304250000012000
19304250000022000
19304250000012003
19304250000022001
19304350000012002
19304350000022002
19304350000012003
19304350000012004
19304750000012002
19304750000022001
19304750000012004
19304754000012004
19304950000012003
19304950000012004
19305050000012004
19309950000012002
19309950000011999
19309950000011998
19309950000012003
19310050000012004
19310050000012000
19310050000012002
19310050000022000
19310050000012008
19310050000012003
19310050000021999
19310150000021999
19310150000012000
19310150000012002
19310150000012003
19310150000022002
19310150000012005
19310250000012002
19310250000012000
19310250000012004
19310250000012005
19310350000012014
19310350000022002
19310350000022001
19310350000012001
19310350000012003
19310450000012000
19310450000012001
19310450000012002
19310450000012004
19310450000012005
19310450000022001
19310450000022002
19310550000022002
19310550000012001
19310550000012010
19310550000012002
19310650000022002
19310650000012002
19310650000012001
19310650000012005
19310750000021999
19310750000012000
19310750000011999
19310750000022000
19310750000012003
19310750000012002
19310750000022002
19310850000012001
19310850000012002
19311050000021999
19311050000022001
19311050000022000
19311050000012003
19311150000012001
19311150000012003
19311150000011999
19311150000012004
19311150000012010
19311250000012005
19311250000012001
19311250000012003
19311350000012003
19311350000012002
19311350000022002
19311350000021999
19311450000022002
19311450000012002
19311450000012001
19311550000012009
19311550000012002
19311550000022002
19311650000012000
19334750000022002
19311650000012002
19311650000012004
19311650000012003
19311750000012000
19311750000022002
19311750000012005
19311750000012004
19311750000012001
19311750000022001
19311750000011999
19311750000012003
19311754000012001
19311750000012002
19311850000022001
19311850000012003
19311850000012002
19311950000022001
19311950000012002
19311950000011999
19311950000021999
19311950000012000
19311950000012014
19312050000012000
19312050000022001
19312050000012005
19312050000012002
19312050000012003
19312050000012004
19312050000012006
19312150000022001
19312150000012005
19312150000012003
19312250000012001
19312250000012000
19312250000021999
19312250000012011
19312250000012003
19312250000022002
19312250000012002
19312250000022000
19312250000012010
19312350000022001
19312350000012003
19312350000012005
19312350000012002
19312350000022002
19312350000012004
19312450000012002
19312550000012001
19312550000012003
19312650000012000
19312650000012018
19312650000012001
19312650000022001
19312650000012004
19312750000012001
19312750000022001
19312750000011999
19312750000022002
19312750000012000
19312750000022000
19312750000012003
19312750000012002
19312950000012002
19312950000022002
19312950000012003
19313050000012003
19313050000022000
19313050000012005
19313150000022000
19313150000011999
19313150000012000
19313150000012001
19313150000012003
19313150000022001
19313250000012000
19313250000022001
19313250000012002
19313250000022002
19313250000012004
19313250000012003
19318350000022002
19318650000012005
19318650000012004
19318650000012003
19318750000012000
19318750000022002
19318750000022001
19318750000012003
19318750000012004
19318850000012001
19318950000022000
19319050000011999
19319050000022001
19319050000012005
19319050000012001
19319050000022002
19334750000012003
19334750000012005
19334850000022002
19334850000012008
19334850000022001
19334854000012006
19335650000021999
19335650000012000
19335650000022002
19335650000012005
19335650000022000
19340150000022001
19401150000022002
19402350000022002
19403550000012002
19403550000022002
19403550000012001
19403550000022001
19407450000012008
20000550000021999
20000550000012001
20000550000022001
20001450000022001
20001450000012003
20001450000012004
20001450000012001
20001450000022000
20001450000012000
20001450000012002
20001450000022002
20001550000012005
20001550000012000
20001750000021999
20001750000012000
20001750000012001
20002650000011999
20002650000012004
20002650000012003
20002650000012001
20002650000022000
20002750000021998
20002750000011999
20002750000012000
20002750000012001
20002750000022000
20002750000012004
20002750000022002
20002850000012001
20002850000022000
20002850000012003
20002850000021998
20003050000012000
20003050000012001
20003350000022000
20003350000011999
20003350000012000
20003350000012001
20003350000012004
20003350000012003
20003350000012006
20003450000012000
20003450000012001
20003750000012004
20003750000011999
20003750000012000
20003750000012003
20003750000012001
20003950000011999
20003950000012004
20003950000012000
20003950000022001
20003950000012001
20003950000012003
20003950000022002
20004150000012000
20004150000022000
20004150000022001
20004150000012003
20004150000012004
20004150000022002
20004750000012003
20004750000012001
20004750000022000
20004750000012002
20004750000012004
20004850000012002
20004850000022002
20005150000022001
20005150000012001
20005150000022000
20005150000012003
20005154000012004
20005150000012007
20005250000022002
20005250000012000
20005250000012002
20005250000012004
20005250000022001
20005250000012003
20005550000012001
20005550000022001
20005550000011999
20005550000022000
20005650000012002
20005650000012001
20005750000022001
20005750000012000
20005750000012002
20005750000022002
20006050000022001
20006050000012003
20006350000012003
20006550000012002
20006550000012004
20006550000012006
20006550000012000
20006550000012001
20006550000022001
20006550000012003
20006750000022000
20006750000012001
20006750000021999
20006750000012003
20006750000012004
20006850000012003
20007050000012003
20007050000012000
20007050000012001
20007050000012004
20007350000012009
20007350000012000
20007350000012002
20007350000022002
20007350000012003
20007350000012004
20007350000012001
20007450000012005
20007450000022001
20007450000022002
20007750000022002
20007750000012000
20007750000012003
20007750000021999
20007750000012001
20007950000012000
20007950000012001
20007950000012002
20007950000022001
20007950000022000
20007950000022002
20007950000012004
20008150000012009
20008150000022001
20008150000012000
20008150000012003
20008450000021999
20008450000012002
20008450000012004
20008450000022000
20008450000012000
20008450000022002
20008650000012000
20008650000022001
20008650000022002
20008850000012005
20009250000022000
20009250000012002
20009250000012000
20009250000012001
20010850000012004
20010850000022001
20010950000012009
20010950000012001
20011050000022001
20011150000012004
20011250000022001
20011250000012008
20011250000022002
20011250000012010
20011350000012002
20011450000021999
20011450000022001
20011550000011999
20011550000022001
20011550000012013
20011650000012000
20011650000012004
20011650000022002
20011650000022001
20011750000012009
20011750000022001
20011750000012010
20011750000012013
20011850000021999
20011850000022001
20011850000012002
20011850000022002
20011950000012000
20011950000012002
20011950000022000
20012050000012008
20012050000022002
20012050000012002
20012050000011999
20012050000012000
20012150000022001
20012150000012009
20012150000021999
20012150000022002
20012150000012005
20012250000022002
20012250000012003
20012250000012004
20012350000012003
20012350000012002
20012350000022001
20012350000012009
20012350000012013
20012350000012017
20012450000012009
20012450000012002
20012450000022000
20012450000012003
20012450000012010
20012550000012002
20012550000022001
20012550000012017
20012650000012009
20012650000012002
20012650000022002
20012750000012009
20012750000012002
20012850000012008
20012850000012002
20012850000012001
20012850000012011
20012850000022001
20012850000022002
20012850000012003
20012950000012001
20012950000012002
20012950000022002
20012950000022000
20012950000021999
20013050000012001
20013150000012002
20013150000012001
20013450000022001
20013550000012003
20013550000012000
20013550000012002
20013550000022000
20013550000012001
20013550000022002
20013650000012001
20013650000022000
20013650000022001
20013650000012005
20013750000012002
20013950000012001
20013950000022001
20014150000022001
20014150000012006
20014150000012000
20014150000022000
20014150000012001
20014150000012004
20023250000012002
20023250000022002
20023350000022001
20023350000012003
20023350000012005
20023350000012001
20032350000012016
20033350000012006
20033850000012005
20034450000012005
20035050000012015
20035650000012005
20037450000012013
20037450000012017
20038650000012014
20040450000012005
20100450000012000
20106350000012016
20300150000012005
20300150000021999
20300150000012001
20300150000012000
20300150000022001
24000150000022000
24000150000012003
24000150000012000
24000250000012003
24000350000012002
24000350000012003
24000450000011999
24000450000012001
24000950000012001
24001050000022000
24001050000012002
24001250000012000
24001250000011999
24001250000012003
24001250000012005
24001350000011999
24010150000022000
24010150000012001
24010150000022001
24010150000012005
24010550000022000
24010550000012001
24010550000012004
24010550000022002
24010550000012003
24010550000022001
24010550000012000
24010550000012018
24011150000021998
24012050000022002
24012050000012003
24012050000012002
24012050000022001
24012050000012007
24012050000012010
24012050000012005
24012050000012004
24012350000012006
24012350000012007
24012450000022001
24012450000012005
24012450000012004
24012550000012013
24012650000012003
24012750000012002
24012750000012008
24022450000012012
24300150000012018
24400150000011999
24400150000011998
24400150000021998
25000550000011999
25000550000012003
25000550000012002
25000550000022002
25001250000012002
25001250000012003
25001250000022001
25001350000012002
25001350000012004
25001450000022002
25001550000012002
25001650000012001
25001650000012004
25001650000022001
25001650000012003
25001750000012001
25001750000012010
25001750000022001
25001750000022002
25001750000012003
25001950000012001
25001950000012004
25001950000022002
25001950000012002
25002150000012000
25002150000022001
25002150000012004
25002150000021999
25002150000012003
25002150000012002
25002150000022002
25002250000012008
25002250000012001
25002350000012002
25002450000012001
25002450000022002
25002550000012000
25002650000012001
25002650000022001
25002650000012004
25002650000022002
25002750000012000
25002750000012004
25002750000022002
25002850000011999
25002850000022002
25003150000022002
25003150000021999
25003150000012012
25003250000022001
25003250000012004
25003250000012003
25003250000022002
25003350000012001
25003350000011999
25003350000022002
25003350000012003
25003450000022001
25003450000012003
25003450000022002
25003550000012001
25003550000012004
25003850000022001
25003950000022002
25003950000012003
25004250000022001
25004250000012001
25004250000022002
25005250000012001
25005250000012003
25005250000012013
25005250000012000
25005750000012001
25005750000022002
25005750000012003
25005950000012018
25005950000012001
25005950000012005
25005950000022000
25005950000022001
25006150000022001
25006150000012004
25006154000012001
25006250000012001
25008450000022001
25008450000011999
25008450000022000
25008450000012004
15817250000012005
25009850000022001
25010350000012009
25010450000012009
25010550000012009
25011050000012015
25300450000022002
25300450000012003
25300450000012004
25300450000012002
25300550000012001
25300550000022002
25300650000012004
25300950000012002
25300950000012004
25300950000012005
25301050000012002
25301050000012004
25301250000012002
25301250000012004
25301350000012002
25301350000012005
25301450000012005
25301550000012001
25301550000022001
25301550000022000
25301550000012002
25301650000012005
25301750000012005
25301750000012012
25301850000012002
25301850000022002
25301850000012005
25301950000012002
25301950000012004
25302050000012004
25302050000022002
25302050000012005
25302150000012004
25302250000012002
25302350000012002
25302350000012013
25302450000012002
25302450000012004
25302450000012005
25302650000022002
25302750000012004
25302750000012005
25302850000012004
25302850000012005
25302850000012015
25302950000012005
25442050000022001
25442050000012000
25442150000012004
25442150000012006
25442250000012001
25442250000011999
25442350000021999
25443050000012000
25443750000021999
25443750000022000
25443750000012011
25443750000012009
25443750000012005
25443750000012016
25443750000012014
25444550000012009
25444550000021999
25444650000022002
25444750000022000
25445050000012000
25445050000012001
25500150000012017
25500150000011999
25500150000022000
25500150000012010
25500150000012007
25500150000012009
25500250000011999
25500250000012001
25500250000012002
25500350000012009
25500350000012010
25500450000021999
25500450000022001
25500450000012007
25500450000012012
25500450000022000
25500550000012011
25500550000012001
25500550000012005
25500650000011999
25500650000012008
25500650000022000
25500650000012009
25500850000012001
25500850000011999
25500850000012007
25500850000012008
25500850000012012
25500850000012009
25500850000012010
25500950000011999
25500950000021999
25500950000012012
25501050000012006
25501050000012008
25501050000012013
25501050000012017
25501050000012011
25501050000012007
25501150000021999
25501150000012012
25501150000012001
25501150000012008
25501150000012010
25501150000012006
25501150000012009
25501250000012010
25501250000011999
25501250000012012
25501250000012001
25501350000012008
25501350000012007
25501350000011999
25501450000012001
25501450000022001
25501450000012007
25501550000012011
25501550000012002
25501550000022002
25501550000022000
25501550000012007
25501550000012017
25501650000021999
25501650000012001
25501650000022001
25501650000011999
25501650000012000
25501650000012009
25501750000012000
25501750000012008
25501750000012001
25501750000012009
25501750000012015
25501850000012009
25501850000012007
25501850000012001
25501850000022001
25501850000022000
25501850000012000
25501950000022001
25501950000012000
25502050000022000
25502050000022002
25502050000012003
25502050000012001
25502050000022001
25502050000012013
25502150000012002
25502150000022002
25502150000022001
25502250000022000
25502250000012000
25502250000012002
25502350000022001
25502450000011999
25502450000012008
25502450000012007
25502450000012000
25502450000012012
25502450000012018
25502550000012001
25502550000022001
25502650000012008
25502650000022001
25502850000012000
25502850000012001
25503050000011999
25503050000012000
25503050000012001
25503050000012002
25503250000012001
25700350000012009
25700350000012008
25700650000012004
25702250000012017
25702350000012016
25702750000012016
25702850000012017
25703150000012015
25703350000012013
25703350000012016
25703350000012015
25703450000012013
25703650000012016
25703650000012015
25703950000012016
25703950000012018
25704050000012016
25704050000012015
25704150000012014
25704350000012016
25704350000012017
25704450000012017
25704650000012015
25704650000012016
25704750000012014
25704950000012014
25705050000012014
25705350000012015
25705450000012016
26400150000022000
26400150000012000
26400550000012001
26400550000022001
26400650000012000
26400850000012002
26400850000022000
26400850000012000
26400950000022000
26401050000011999
26401050000012002
26401050000012000
26401150000012000
26401150000022000
26401450000022000
27300150000011999
27300150000021999
27300150000022001
27300150000012002
27300150000022002
39301650000012002
39301650000022002
27300750000021999
27300750000022001
39302250000012002
39302250000022002
39302450000022002
27301150000022001
27302150000021999
27302150000012000
27302150000022001
27302150000022000
39301750000022002
27303750000022001
27304150000011999
39301850000012002
27307450000022000
27307450000012000
27307450000022001
39301850000022002
27308050000021999
27308050000012000
27308050000022001
27308750000022000
39301450000022002
27308850000022001
27308950000022001
39302350000022002
27310050000022000
27310050000012000
27310050000022001
39302550000012002
39302550000022002
27311050000022001
27314750000022001
27314750000022000
27314750000012000
27314750000011999
39301150000012002
39301150000022002
27316750000012000
39300950000012002
39300950000012003
39300950000022002
28010154000012003
28010150000011999
30300150000022001
32000450000021999
32000450000011999
32000450000012009
32300250000012005
32300250000022001
32300350000022001
32300350000012002
32300350000012000
32300350000012003
32300350000012004
32300450000012000
32300450000022000
32300450000022001
32300450000012002
32300450000022002
32300550000022002
32300550000012004
32300650000011999
32300650000021999
32300650000022001
32300750000022001
32300750000012003
32300750000012004
32300850000021999
32300850000012000
32300850000022000
32300850000012002
32300850000012005
32300850000011999
32300850000022002
32300950000022001
32300950000022002
32300950000012002
32301050000012002
32301150000012001
32301150000012005
32301150000012004
32301150000011999
32301250000022001
32301350000012001
32301350000012009
32301350000012000
32301350000012003
32301550000012005
32301550000012016
32301650000012006
32301650000012013
32301650000012017
32301750000021999
32301850000012003
32301850000022001
32301950000022002
32302050000022002
32302150000012001
32302150000022001
32302250000022001
32302350000012003
32302350000012005
32302450000012003
32302450000012004
32302550000012004
32302550000012011
32302550000012005
32302650000012004
32302650000022000
32302650000012001
32302850000012007
33000550000012005
33000550000022000
33000550000021999
33000550000022001
33000550000012001
33000550000012008
34300150000012006
34300150000011999
34300150000021999
34300250000012007
34300250000012014
34300250000012008
34300250000012012
34300250000012009
34300250000012013
34300250000012010
34300350000022001
34300350000012009
34300350000012001
34300350000012013
34300350000012014
34300350000012015
34300450000021999
34300450000012012
34300450000012014
34300550000012007
34300650000021999
34300650000022002
34300650000012007
34300650000012009
34300650000011999
34300650000012001
34300750000012017
34300750000021999
34300750000022000
34300750000012006
34300750000011999
34300750000012008
34300750000012011
34300750000012005
34300750000012010
34300750000012018
34300750000012015
34300850000012006
34300850000012010
34300850000012000
34300850000012004
34300850000012007
34300850000011999
34300850000022000
34300850000022001
34300850000021999
34300850000012009
34300950000012001
34300950000012005
34300950000012006
34300950000012013
34301050000012001
34301050000012006
34301050000012005
34301050000012010
34301050000012008
34301050000012009
34301050000012011
34301050000012014
34301150000012004
34301150000012005
34301150000012011
34301150000012012
34301150000012017
34301150000012016
34301250000012005
34301250000012000
34301250000012010
34301250000012006
34301250000012013
34301350000012007
34301350000012009
34301350000012017
34301350000012006
34301350000012018
34301350000012014
34301450000021999
34301450000012017
34301450000012014
34301450000012009
34301550000012018
34301550000012009
34301550000012008
34301550000012013
34301650000012001
34301750000012013
34301750000012006
34301750000012014
34301750000012001
34301750000022000
34301750000012015
34301850000012006
34301850000012004
34301850000012000
34301950000012005
34301950000021999
34301950000022000
34301950000012001
34302050000012013
34302050000012014
34302150000012008
34302150000012010
34302150000012016
34302350000011999
34302350000012001
34302350000012009
34302350000012000
34302354000012008
34302352000022002
34302450000012009
34302450000022001
34302450000012005
34302650000012009
34302650000012005
34302750000012005
34302950000012009
34302950000012016
34302950000012017
34303050000012007
34303050000012008
34303250000012014
34303250000012015
34303350000012010
34303450000012005
34303450000012008
34303450000012013
34303550000012008
34303550000012018
34303550000012010
34303550000012015
34303650000012009
34303650000012013
34303750000012016
34303950000012015
34304050000012013
34304150000012014
34304350000012012
34304350000012011
34400150000012018
34400250000012001
34404150000022002
34404250000012009
34404250000022001
36400150000022001
36400150000021999
36400150000011998
36400150000022002
36400150000022000
36410250000012006
36420350000012000
36420650000021999
36420650000012000
37301250000012006
37301250000012007
37301350000012007
37302950000022000
37302950000012008
37302950000012014
37302950000012000
37302950000012013
37302950000012017
37303050000011999
37303050000021999
37303050000022002
37303050000012009
37303550000022002
37303550000012010
37303750000012011
37303750000012007
37303750000012009
37303850000012010
37303950000022002
37303950000012002
37303950000012001
37304750000012001
37304750000012008
37304750000022001
37304750000022002
37304750000012007
37304750000012014
37304850000012000
37304850000012001
37304850000011999
37304850000022002
37305050000012010
37305050000012000
37305150000011999
37305350000022002
37305350000012002
37305750000011999
37305750000012000
37305950000012001
37306050000012001
37306050000022001
37306350000012016
37306650000012000
37306650000022001
37307050000022001
37307250000012011
37307350000012013
37307550000012001
37307550000012002
37307550000022000
37307550000022002
37307850000012006
37307950000012001
37308250000012000
38001850000021999
38001850000011999
38001850000022000
38003150000012001
38003150000012002
38003250000022001
38003250000012001
38003350000011999
38003350000012001
38093350000012008
38003450000011999
38003550000012000
38003550000012002
38003750000022000
38003850000012003
38003850000022001
38093850000012004
38003850000012002
38003850000022002
38004050000022001
38004050000022000
38004050000012002
38004050000012000
38004050000012001
38004150000011999
38004150000021999
38004350000012002
38004450000012002
38004450000012000
38004550000012003
38004550000021999
38004550000022000
38004850000022001
38004850000022000
38004850000012003
38004850000012002
38005050000022001
38005050000022002
38005150000022000
38005150000022001
38005250000012001
38005350000012003
38005350000012012
38005350000012000
38005350000012001
38005350000022001
38005450000012000
38005450000012001
38005450000022001
38005450000022002
38005450000012002
38005550000022000
38005550000012002
38005550000021999
38005550000012000
38005550000012001
38005550000022001
38005650000012000
38005650000022000
38005650000021999
38005650000022002
38005650000012003
38005750000022002
38005750000012003
38093250000012004
38093850000012009
38093950000012004
38094254000012010
38094450000012004
39000450000012000
39000450000021999
39000454000012000
39000454000012001
39000450000012018
39003150000012000
39003150000022000
39003150000012001
39300350000012014
39300950000012004
39301050000012004
39301050000012006
39301050000012003
39301150000012004
39301150000012005
39301150000012007
39301150000012008
39301250000012008
39301550000012002
39301550000022002
39301650000012003
39301650000012007
39301650000012005
39301650000012009
39301750000012005
39301750000012008
39301850000012008
39301850000012009
39301950000012005
39301950000012007
39301950000012018
39302050000012009
39302150000012009
39302250000012007
39302250000012009
39302350000012003
39302350000012002
39302350000012007
39302450000012002
39302450000012003
39302450000012005
39302450000012004
39302450000012007
39302450000012008
39302450000012009
39302550000012008
39302550000012005
39302550000012007
39302550000012009
39302850000012009
39302950000012004
39303050000012003
39500150000012016
39302550000012012
40320150000012010
41000350000012001
41000350000012000
41000350000021999
41000950000022001
41001650000022001
41001650000012002
41002950000012000
42002750000012003
42300250000012014
44000150000022000
44000150000022002
44000150000021998
44000150000022001
44000150000012001
44000150000012002
44000650000022001
44000650000021999
44000650000022000
44302050000012008
44302050000012006
44302050000012011
44302050000012012
44303750000012009
44305254000012009
44305450000012013
49000250000012002
49000250000012004
49000250000022002
49000250000012001
49000250000012005
51000150000012001
51000450000012001
51000450000022001
51000450000022000
51003050000022000
51003050000021999
51008050000012016
51012050000012011
51012050000012012
51012050000021999
51012050000012008
51012050000022000
51013550000012005
51017050000012004
51017850000012006
51018850000012003
51018850000012002
51018850000022002
51019350000012001
51020950000012002
51020950000022002
51020950000022001
51035050000012002
51035050000021998
51035050000021999
51040550000012002
51040550000022002
51040550000012001
51040550000022000
51042150000012001
51048050000012004
51048050000012002
51048050000022002
51048050000012005
51051050000012018
51052550000012003
51052550000012017
51058050000022002
51058050000022001
51058050000012018
51059950000022002
51059950000022000
51067050000022001
51067050000012003
51067050000022002
51067050000022000
51068550000022000
51068650000022003
51068650000022000
51068650000022001
51068650000012000
51069550000022000
51069550000022001
51069550000012002
51069950000022002
51069950000012002
51069950000022000
51076050000012002
51076050000022002
51076050000012005
51076050000022001
51076050000022000
51077650000012012
51081550000012013
51083050000012008
51083050000012005
51083050000012010
51089050000012003
51089050000012005
51089050000012013
51090750000012004
51090950000012012
51091050000012007
51091750000012004
51091750000012011
51092150000012008
51092150000012014
51092150000022002
51108050000022000
51108050000022002
51108050000012012
51113550000012009
51113550000022002
51113550000022000
51118050000012010
51118050000022000
51119950000022001
51120650000022001
51127050000022002
51127050000022000
51127050000012008
51128650000022001
51128650000022002
51132550000022000
51132550000022001
51133250000022001
51133950000022002
51135050000022001
51135950000022002
51135950000022001
51136450000022000
51136750000022001
51139350000022000
51139750000022002
51139750000012014
51140150000012008
51141750000022000
51141750000022002
51144250000022000
51144350000012009
51144350000022002
51144350000022001
51144350000012013
51144650000022000
51144650000012010
51144950000022002
51164050000012013
51164050000012012
51165650000022002
51165650000012007
51167450000022001
51167950000022001
51167950000012007
51167950000022000
51167950000012008
51168250000022000
51168250000022001
51168250000012012
51177050000022000
51179250000012013
51182750000022002
51182850000012008
51182850000012011
51183250000022002
51184050000012010
51184250000022001
51184350000022000
51184350000022001
51184550000012009
51185250000012009
51185350000022002
51200650000012008
51200650000022002
51206050000022002
51206050000012014
51206050000012012
51207450000012009
51208250000022001
51208750000022001
51209350000012008
51209350000012014
51211150000012010
53000150000012009
53300250000022002
53301450000012007
54000450000012013
55000550000012008
58002450000012013
73100050000022001
74400050000022002
74600050000022001
74600050000022000
75200050000022001
76500050000012014
76570650000022000
78280250000022002
78360250000011999
79158050000022000
